P = sparse(28,28);
P(1,19)=1;
P(2,22)=1;
P(3,23)=1;
P(4,24)=1;
P(5,25)=1;
P(6,26)=1;
P(7,27)=1;
P(8,20)=1;
P(9,21)=1;
P(10,19)=1;
P(11,18)=1;
P(12,3)=1;
P(13,5)=1;
P(14,7)=1;
P(15,2)=1;
P(16,4)=1;
P(17,6)=1;
P(18,1)=1;
P(19,8)=0.25;
P(19,11)=0.25;
P(19,12)=0.25;
P(19,15)=0.25;
P(20,9)=0.25;
P(20,11)=0.25;
P(20,13)=0.25;
P(20,16)=0.25;
P(21,10)=0.25;
P(21,11)=0.25;
P(21,14)=0.25;
P(21,17)=0.25;
P(22,28)=1;
P(23,28)=1;
P(24,28)=1;
P(25,28)=1;
P(26,28)=1;
P(27,28)=1;
P(28,18)=1;
